# tin_test pairwise_distance
# algorithm: vertex
# kd_dir: sample_kdvertices
# kdtree_bundle: sample_kdvertices/combined.kdtree
# n=10  matrix[i][j] = distance between object i and object j (0-based)
#   0 object_1.ply
#   1 object_2.ply
#   2 object_3.ply
#   3 object_4.ply
#   4 object_5.ply
#   5 object_6.ply
#   6 object_7.ply
#   7 object_8.ply
#   8 object_9.ply
#   9 object_10.ply
10
0 0.13279681093628609 0.14185569069467974 0.12202998628196066 0.12462063483372085 0.13075066522088516 0.1313450907288026 0.14368976382185533 0.12421015445220099 0.12962313344940699
0.13279681093628609 0 0.13750646172768677 0.13506026971541041 0.12894624808281363 0.13435824281772712 0.1200773854669234 0.1308679897155145 0.13443756479023478 0.133155362088651
0.14185569069467974 0.13750646172768677 0 0.12309129374919527 0.13640017182322006 0.11879470610151943 0.11718322303440401 0.1193823040000131 0.12019464456790617 0.13118683728923777
0.12202998628196066 0.13506026971541041 0.12309129374919527 0 0.12707725045069301 0.11422924440594408 0.11816420129517499 0.12201553045640805 0.11762843961342107 0.12951567422364069
0.12462063483372085 0.12894624808281363 0.13640017182322006 0.12707725045069301 0 0.12905645655131431 0.13348341860630614 0.1413822728187627 0.12505400879388107 0.13113691136088423
0.13075066522088516 0.13435824281772712 0.11879470610151943 0.11422924440594408 0.12905645655131431 0 0.12295826445648741 0.12510103735540895 0.118268622695378 0.12669006838288943
0.1313450907288026 0.1200773854669234 0.11718322303440401 0.11816420129517499 0.13348341860630614 0.12295826445648741 0 0.12446884018940357 0.12543221639297117 0.11968707156261985
0.14368976382185533 0.1308679897155145 0.1193823040000131 0.12201553045640805 0.1413822728187627 0.12510103735540895 0.12446884018940357 0 0.12656216089780456 0.12770317470701309
0.12421015445220099 0.13443756479023478 0.12019464456790617 0.11762843961342107 0.12505400879388107 0.118268622695378 0.12543221639297117 0.12656216089780456 0 0.12335215658430423
0.12962313344940699 0.133155362088651 0.13118683728923777 0.12951567422364069 0.13113691136088423 0.12669006838288943 0.11968707156261985 0.12770317470701309 0.12335215658430423 0
